1583278001952 0.8375625 0
1583279183429 0.8593125 1
1583280364564 0.8634375 2
1583281547225 0.866375 3
1583282727948 0.866375 4
1583283919962 0.86825 5
1583285100369 0.8683125 6
1583286281272 0.8695 7
1583287462399 0.87475 8
1583288643943 0.87175 9
1583289825508 0.874625 10
1583291007013 0.8764375 11
1583292188566 0.8728273102413405 12
1583293370016 0.88 13
1583294551128 0.8825625 14
1583295732509 0.8811875 15
1583296913825 0.8865 16
1583298094568 0.8835 17
1583299285640 0.88575 18
1583300466612 0.8890625 19
1583301646810 0.887125 20
1583302827159 0.88625 21
1583304008450 0.8824375 22
1583305189677 0.8825 23
1583306382186 0.8817681630686013 24
1583307594509 0.887375 25
1583308799327 0.8934375 26
1583310002198 0.893125 27
1583311205085 0.890875 28
1583312407273 0.8883125 29
1583313610487 0.885 30
1583314813067 0.8904375 31
1583316016041 0.89325 32
1583317218733 0.8946875 33
1583318421229 0.8934375 34
1583319624091 0.8930625 35
1583320826529 0.8937101413029886 36
1583322029354 0.893125 37
1583323231712 0.8955 38
1583324435027 0.896875 39
1583325639365 0.89075 40
1583326841922 0.88975 41
1583328046866 0.8879375 42
1583329250666 0.8911875 43
1583330454904 0.894625 44
1583331659297 0.897875 45
1583332862524 0.8966875 46
1583334066274 0.8965625 47
1583335269138 0.896023508815806 48
1583336473164 0.8939375 49
1583337910142 0.89625 50
1583339209672 0.893625 51
1583340402654 0.894125 52
1583341595842 0.89725 53
1583342789840 0.8985 54
1583343983826 0.89725 55
1583345176678 0.896625 56
1583346383874 0.8974375 57
1583347606453 0.899125 58
1583348828165 0.8954375 59
1583350082808 0.9006502438414405 60
