1583278001952 0.39077592810243367 0
1583279183429 0.33494248031824825 1
1583280364564 0.32698861092329023 2
1583281547225 0.3172252867482603 3
1583282727948 0.31908447486907243 4
1583283919962 0.3108279027864337 5
1583285100369 0.3103950195349753 6
1583286281272 0.3153871642872691 7
1583287462399 0.2987507067397237 8
1583288643943 0.30062742422148586 9
1583289825508 0.2947934490256012 10
1583291007013 0.2960836758092046 11
1583292188566 0.2946267552749282 12
1583293370016 0.285806708637625 13
1583294551128 0.2800591791141778 14
1583295732509 0.2900434541925788 15
1583296913825 0.2746119070239365 16
1583298094568 0.27713554408401253 17
1583299285640 0.27842758303880694 18
1583300466612 0.2701056523434818 19
1583301646810 0.272756528429687 20
1583302827159 0.2721669579595327 21
1583304008450 0.28400831854343417 22
1583305189677 0.2754052083194256 23
1583306382186 0.282554263943834 24
1583307594509 0.2689935819134116 25
1583308799327 0.2576463073343039 26
1583310002198 0.26189537440240385 27
1583311205085 0.2607044189944863 28
1583312407273 0.26819254099577666 29
1583313610487 0.27401442278176547 30
1583314813067 0.2687308450490236 31
1583316016041 0.2540407389011234 32
1583317218733 0.25619338409975173 33
1583318421229 0.2603096661418676 34
1583319624091 0.26097854736819864 35
1583320826529 0.256370646665957 36
1583322029354 0.25974214292690156 37
1583323231712 0.2538714856598526 38
1583324435027 0.25458830549940464 39
1583325639365 0.2601700218748301 40
1583326841922 0.2613003474269062 41
1583328046866 0.2578487400598824 42
1583329250666 0.25840914871171117 43
1583330454904 0.2582721266336739 44
1583331659297 0.24918940907344223 45
1583332862524 0.25068406838178636 46
1583334066274 0.25027436966262756 47
1583335269138 0.25314248654918253 48
1583336473164 0.25453207187354565 49
1583337910142 0.24962470462173222 50
1583339209672 0.2502955344486982 51
1583340402654 0.2525941623225808 52
1583341595842 0.24937199571169913 53
1583342789840 0.24514095454476773 54
1583343983826 0.25388138289935885 55
1583345176678 0.24900031349435447 56
1583346383874 0.24963045656308533 57
1583347606453 0.24573402238078415 58
1583348828165 0.24978760891966523 59
1583350082808 0.24631931316454558 60
