1583436487677 0.7311875 0
1583437093042 0.7619375 1
1583437698577 0.8075 2
1583438305123 0.824125 3
1583438910874 0.821125 4
1583439518855 0.828 5
1583440125864 0.8275625 6
1583440732932 0.82125 7
1583441340156 0.832875 8
1583441948167 0.8308125 9
1583442556036 0.8370625 10
1583443165614 0.8323125 11
1583443772884 0.8408778291933982 12
1583444381220 0.8358125 13
1583444990220 0.838375 14
1583445597807 0.843875 15
1583446206373 0.839625 16
1583446812055 0.8473125 17
1583447417057 0.84325 18
1583448033093 0.843 19
1583448645146 0.8398125 20
1583449249836 0.84425 21
1583449856597 0.8456875 22
1583450461888 0.8368125 23
1583451064800 0.8473177441466044 24
1583451667105 0.840375 25
1583452272017 0.8434375 26
1583452876761 0.8489375 27
1583453482099 0.85225 28
1583454088132 0.84725 29
1583454693680 0.8503125 30
1583455297515 0.8478125 31
1583455900703 0.8551875 32
1583456505410 0.8525 33
1583457107843 0.852875 34
1583457710563 0.8521875 35
1583458312550 0.8552582218406408 36
1583458916524 0.849375 37
1583459520596 0.8525 38
1583460124076 0.8549375 39
1583460727759 0.8534375 40
1583461334043 0.85475 41
1583461937724 0.8514375 42
1583462542912 0.857375 43
1583463146853 0.85425 44
1583463751198 0.8594375 45
1583464356674 0.8544375 46
1583464959510 0.8554375 47
1583465564876 0.8525697136351627 48
1583466170660 0.858375 49
1583466775585 0.8586875 50
1583467378146 0.8530625 51
1583467981244 0.8560625 52
1583468586166 0.8598125 53
1583469188548 0.85725 54
1583469792299 0.861125 55
1583470396883 0.8566875 56
1583471001680 0.85225 57
1583471606986 0.865 58
1583472216985 0.85825 59
1583472819579 0.8589471051495299 60
1583473424790 0.856375 61
1583474028909 0.8625 62
1583474633637 0.8606875 63
1583475238646 0.8606875 64
1583475842127 0.85775 65
1583476441346 0.8631875 66
1583477040724 0.8638125 67
1583477639226 0.8633125 68
1583478237259 0.8661875 69
1583478836719 0.8645 70
1583479435515 0.8611875 71
1583480033646 0.8591971989496061 72
1583480633736 0.86075 73
1583481232170 0.861 74
1583481831068 0.862625 75
