1583436487677 0.5573001336455345 0
1583437093042 0.502129190146923 1
1583437698577 0.4332152310907841 2
1583438305123 0.40152618146687746 3
1583438910874 0.41092273088544606 4
1583439518855 0.39972777680307625 5
1583440125864 0.3943028999194503 6
1583440732932 0.4023736319467425 7
1583441340156 0.38358479195833206 8
1583441948167 0.3834074366390705 9
1583442556036 0.3728904493674636 10
1583443165614 0.3786307691708207 11
1583443772884 0.36433084918228226 12
1583444381220 0.36988173148036 13
1583444990220 0.3689148514643312 14
1583445597807 0.3639711379557848 15
1583446206373 0.36738814729452135 16
1583446812055 0.358781895019114 17
1583447417057 0.3577266783192754 18
1583448033093 0.3600644659921527 19
1583448645146 0.362562021613121 20
1583449249836 0.3557127853371203 21
1583449856597 0.35527101092413066 22
1583450461888 0.366263075850904 23
1583451064800 0.34779097633807826 24
1583451667105 0.36517015285417437 25
1583452272017 0.352560367140919 26
1583452876761 0.34575407730042934 27
1583453482099 0.33875027871131896 28
1583454088132 0.35057770189642906 29
1583454693680 0.3480159137621522 30
1583455297515 0.35295329220965505 31
1583455900703 0.3386904005929828 32
1583456505410 0.34526720553636553 33
1583457107843 0.3433192624300718 34
1583457710563 0.3441221384890378 35
1583458312550 0.34165844201996903 36
1583458916524 0.3454528203457594 37
1583459520596 0.33652768079563977 38
1583460124076 0.33926275731995703 39
1583460727759 0.3426498555354774 40
1583461334043 0.3329726577922702 41
1583461937724 0.3436328520849347 42
1583462542912 0.33357868701964616 43
1583463146853 0.34094511694833635 44
1583463751198 0.3291809917241335 45
1583464356674 0.33337543124891816 46
1583464959510 0.32943760335817934 47
1583465564876 0.33892382260813064 48
1583466170660 0.3329036082774401 49
1583466775585 0.32859351848997176 50
1583467378146 0.3352962235622108 51
1583467981244 0.33841694533079864 52
1583468586166 0.3273927939198911 53
1583469188548 0.33267900662124156 54
1583469792299 0.3246503478102386 55
1583470396883 0.33609340196847914 56
1583471001680 0.32965398649126293 57
1583471606986 0.3247016804739833 58
1583472216985 0.3259476964324713 59
1583472819579 0.32817365612605964 60
1583473424790 0.32974678340926766 61
1583474028909 0.32792813214287164 62
1583474633637 0.32668717423826454 63
1583475238646 0.32559531221538784 64
1583475842127 0.3268223050609231 65
1583476441346 0.3204728311337531 66
1583477040724 0.32313183665275574 67
1583477639226 0.32152805899456144 68
1583478237259 0.3165294930823147 69
1583478836719 0.3221767154186964 70
1583479435515 0.3244612577930093 71
1583480033646 0.3264155926925176 72
1583480633736 0.3255168691016734 73
1583481232170 0.31933159960433843 74
1583481831068 0.32600574411079286 75
